248 970
73
61 82 215 1236 0.000693145
99 143 199 1073 0.000662891
143 189 199 1097 0.000679203
186 214 189 1041 0.000711888
227 256 143 1220 0.000752478
250 301 143 723 0.000797703
241 259 143 585 0.000846044
231 237 127 534 0.000896707
275 290 115 498 0.000949238
293 299 115 503 0.00100336
245 260 115 424 0.0010589
230 249 115 486 0.00111574
235 247 115 387 0.0011738
255 264 115 324 0.00123302
264 288 115 296 0.00129337
254 266 115 296 0.00135481
248 263 115 279 0.00141731
245 255 115 311 0.00148087
234 239 115 474 0.00154547
230 236 105 296 0.0016111
271 293 105 305 0.00167775
252 272 105 305 0.00174542
239 262 105 331 0.0018141
250 264 51 365 0.00188379
290 325 51 341 0.00195449
262 289 51 364 0.00202619
246 267 51 506 0.00209889
263 281 51 572 0.00217259
269 287 51 411 0.0022473
294 298 51 365 0.002323
283 295 51 320 0.00239971
255 280 51 401 0.00247741
260 270 51 356 0.00255612
245 264 51 328 0.00263583
232 241 51 472 0.00271654
236 249 51 316 0.00279825
242 252 51 401 0.00288096
227 248 51 401 0.00296468
234 246 51 433 0.00304941
228 246 51 431 0.00313514
232 240 51 476 0.00322187
225 246 51 316 0.00330962
236 238 51 434 0.00339838
216 234 51 352 0.00348814
225 237 51 316 0.00357892
226 236 51 410 0.00367072
226 237 51 312 0.00376352
223 233 51 356 0.00385735
228 237 51 410 0.00395219
220 236 51 491 0.00404805
221 235 51 311 0.00414493
221 238 51 401 0.00424284
219 239 51 427 0.00434177
225 233 51 311 0.00444172
223 235 51 494 0.00454271
227 240 51 474 0.00464472
233 238 51 401 0.00474776
233 239 51 455 0.00485183
215 239 51 365 0.00495694
225 243 51 410 0.00506308
221 235 51 384 0.00517026
228 235 51 346 0.00527848
232 238 51 346 0.00538774
230 237 51 331 0.00549805
210 235 51 320 0.00560939
216 230 51 311 0.00572179
224 232 51 401 0.00583523
231 245 51 431 0.00594972
227 243 51 346 0.00606526
222 238 51 365 0.00618186
229 241 51 353 0.00629951
228 244 51 411 0.00641822
222 247 51 316 0.00653799
