85
88 107 180 930 0.000693145
182 215 180 1080 0.000662891
264 274 168 1091 0.000679203
293 309 155 893 0.000711888
315 322 155 576 0.000752478
263 283 153 525 0.000797703
300 316 149 545 0.000846044
317 330 140 515 0.000896707
322 345 99 499 0.000949238
322 325 99 451 0.00100336
270 283 95 515 0.0010589
308 318 95 415 0.00111574
265 278 84 409 0.0011738
312 321 74 459 0.00123302
320 346 74 522 0.00129337
279 291 62 459 0.00135481
306 319 62 455 0.00141731
243 286 59 359 0.00148087
279 336 59 467 0.00154547
256 282 59 378 0.0016111
253 265 58 344 0.00167775
289 318 56 371 0.00174542
307 325 56 344 0.0018141
268 277 56 418 0.00188379
245 258 56 383 0.00195449
245 256 44 318 0.00202619
276 295 44 346 0.00209889
250 262 43 346 0.00217259
288 302 43 426 0.0022473
250 268 33 321 0.002323
284 301 33 324 0.00239971
252 267 33 304 0.00247741
243 256 33 318 0.00255612
243 256 33 243 0.00263583
257 265 33 318 0.00271654
275 294 31 377 0.00279825
302 324 31 371 0.00288096
267 274 31 318 0.00296468
251 265 31 320 0.00304941
257 266 31 318 0.00313514
259 271 31 316 0.00322187
281 301 31 375 0.00330962
271 283 31 316 0.00339838
249 276 31 316 0.00348814
240 268 31 375 0.00357892
243 250 31 316 0.00367072
231 242 31 237 0.00376352
226 246 31 290 0.00385735
231 245 31 316 0.00395219
222 245 31 316 0.00404805
226 245 31 370 0.00414493
221 238 31 316 0.00424284
226 236 31 256 0.00434177
230 246 31 256 0.00444172
231 242 31 267 0.00454271
223 227 31 375 0.00464472
215 228 31 318 0.00474776
220 226 31 400 0.00485183
216 234 31 316 0.00495694
209 220 31 316 0.00506308
212 228 31 316 0.00517026
214 222 31 316 0.00527848
210 225 31 316 0.00538774
224 238 31 316 0.00549805
229 237 31 321 0.00560939
224 235 31 375 0.00572179
211 221 31 375 0.00583523
218 237 31 291 0.00594972
224 236 31 335 0.00606526
219 237 31 316 0.00618186
217 231 31 316 0.00629951
214 225 31 268 0.00641822
222 236 31 316 0.00653799
214 229 31 310 0.00665882
221 225 31 316 0.00678071
215 230 31 316 0.00690366
221 228 31 316 0.00702769
214 242 31 370 0.00715278
229 241 31 316 0.00727894
218 233 31 316 0.00740617
211 229 31 242 0.00753448
221 237 31 370 0.00766386
223 234 31 316 0.00779432
230 234 31 316 0.00792587
217 235 31 375 0.00805849
